BRL;ItemTime;ItemTime (local date);ItemTime (local time);BlobType;BlobSize;Barcode;CreateTime;CreateTime (local date);CreateTime (local time);Destination;DestinationAirport;DestinationDate;DestinationFlightNr;DestinationSource;Duration;FinishTime;FinishTime (local date);FinishTime (local time);Flags;LicensePlate;OCRExecute;OCRQueue;OCRRemarks;OCRResult;OCRStart;PieceId;ProcessPlanIDName;ProcessPlanIDVersion;Remarks;Side;SideSequence;Source;SpecialCategories;Status;Transfer;Tunnel;TunnelDuration;TunnelRemarks;TunnelSignals;TunnelType;VCSLicenseExecute;VCSLicenseQueue;VCSLicenseRemarks;VCSLicenseResult;VCSLicenseStart;VCSLicenseUser;VCSNoBSMExecute;VCSNoBSMQueue;VCSNoBSMRemarks;VCSNoBSMResult;VCSNoBSMStart;VCSNoBSMUser
D01/00000D4876890006;132334569071491984;2020-05-09;03:15:07.149;application/x-bolt;24040;0546231655;132334568855780000;2020-05-09;03:14:45.578;;;;;;18006;132334569035840000;2020-05-09;03:15:03.584;;;;;;;;131800_0034377251;;;;Camera05;05;EDI+EDI;;Accept;;131800;2215;;123;Departures;;;;;;;;;;;;
D01/00000D48768F0007;132334569481883090;2020-05-09;03:15:48.188;application/x-bolt;26042;0546231656;132334569266170000;2020-05-09;03:15:26.617;;;;;;18006;132334569446230000;2020-05-09;03:15:44.623;;;;;;;;131800_0034377252;;;;;;EDI+EDI;;Accept;;131800;2212;;123;Departures;;;;;;;;;;;;
D01/00000D4876960007;132334570414187992;2020-05-09;03:17:21.419;application/x-bolt;24301;0546231657;132334570198430000;2020-05-09;03:16:59.843;;;;;;18007;132334570378500000;2020-05-09;03:17:17.850;;;;;;;;131800_0034377253;;;;;;EDI+EDI;;Accept;;131800;2246;;123;Departures;;;;;;;;;;;;
D01/00000D48769D0006;132334570526000925;2020-05-09;03:17:32.600;application/x-bolt;24062;0546231658;132334570310380000;2020-05-09;03:17:11.038;;;;;;18007;132334570490450000;2020-05-09;03:17:29.045;;;;;;;;131800_0034377254;;;;;;EDI+EDI;;Accept;;131800;2250;;123;Departures;;;;;;;;;;;;
D01/00000D4876A30006;132334570557276923;2020-05-09;03:17:35.728;application/x-bolt;24087;0546231659;132334570341120000;2020-05-09;03:17:14.112;;;;;;18043;132334570521550000;2020-05-09;03:17:32.155;;;;;;;;131800_0034377255;;;;;;EDI+EDI;;Accept;;131800;2241;;123;Departures;;;;;;;;;;;;
D01/00000D4876A90006;132334570669640314;2020-05-09;03:17:46.964;application/x-bolt;23226;0546231660;132334570453920000;2020-05-09;03:17:25.392;;;;;;18006;132334570633980000;2020-05-09;03:17:43.398;;;;;;;;131800_0034377256;;;;Camera04;05;EDI+EDI;;Accept;;131800;2255;;123;Departures;;;;;;;;;;;;
D01/00000D4876AF0006;132334570988054971;2020-05-09;03:18:18.805;application/x-bolt;23901;0546231661;132334570772280000;2020-05-09;03:17:57.228;;;;;;18007;132334570952350000;2020-05-09;03:18:15.235;;;;;;;;131800_0034377257;;;;;;EDI+EDI;;Accept;;131800;2265;;123;Departures;;;;;;;;;;;;
D01/00000D4876B50006;132334571098436718;2020-05-09;03:18:29.844;application/x-bolt;21074;0546231662;132334570882670000;2020-05-09;03:18:08.267;;;;;;18007;132334571062740000;2020-05-09;03:18:26.274;;;;;;;;131800_0034377258;;;;;;EDI+EDI;;Accept;;131800;2271;;123;Departures;;;;;;;;;;;;
D01/00000D4876BB0007;132334571241485613;2020-05-09;03:18:44.149;application/x-bolt;26035;0546231663;132334571025550000;2020-05-09;03:18:22.555;;;;;;18007;132334571205620000;2020-05-09;03:18:40.562;;;;;;;;131800_0034377259;;;;;;EDI+EDI;;Accept;;131800;2290;;123;Departures;;;;;;;;;;;;
D01/00000D4876C20006;132334571335083409;2020-05-09;03:18:53.508;application/x-bolt;23153;0546231665 / 0148482413;132334571119320000;2020-05-09;03:18:31.932;;;;;;18008;132334571299400000;2020-05-09;03:18:49.940;;;;;;;;131800_0034377260;;;Multiple main barcodes detected;Camera02;06;EDI+EDI;;Accept;;131800;2305;;123;Departures;;;;;;;;;;;;
D01/00000D4876C80007;132334571407943968;2020-05-09;03:19:00.794;application/x-bolt;25318;0546231664;132334571192180000;2020-05-09;03:18:39.218;;;;;;18007;132334571372250000;2020-05-09;03:18:57.225;;;;;;;;131800_0034377261;;;;;;EDI+EDI;;Accept;;131800;2323;;123;Departures;;;;;;;;;;;;
D01/00000D4876CF0007;132334571798418519;2020-05-09;03:19:39.842;application/x-bolt;24351;0546231666;132334571582640000;2020-05-09;03:19:18.264;;;;;;18008;132334571762720000;2020-05-09;03:19:36.272;;;;;;;;131800_0034377262;;;;;;EDI+EDI;;Accept;;131800;2338;;123;Departures;;;;;;;;;;;;
D01/00000D4876D60007;132334571945961153;2020-05-09;03:19:54.596;application/x-bolt;24867;0546231667;132334571730150000;2020-05-09;03:19:33.015;;;;;;18007;132334571910220000;2020-05-09;03:19:51.022;;;;;;;;131800_0034377263;;;;;;EDI+EDI;;Accept;;131800;2331;;123;Departures;;;;;;;;;;;;
D01/00000D4876DD0007;132334573011356680;2020-05-09;03:21:41.136;application/x-bolt;24220;0546231668;132334572795750000;2020-05-09;03:21:19.575;;;;;;18006;132334572975810000;2020-05-09;03:21:37.581;;;;;;;;131800_0034377264;;;;;;EDI+EDI;;Accept;;131800;2321;;123;Departures;;;;;;;;;;;;
D01/00000D4876E40006;132334573254368658;2020-05-09;03:22:05.437;application/x-bolt;23456;0546231669;132334573038710000;2020-05-09;03:21:43.871;;;;;;18006;132334573218770000;2020-05-09;03:22:01.877;;;;;;;;131800_0034377265;;;;Camera04;03;EDI+EDI;;Accept;;131800;2330;;123;Departures;;;;;;;;;;;;
D01/00000D4876EA0007;132334573318341835;2020-05-09;03:22:11.834;application/x-bolt;25435;0546231670;132334573102510000;2020-05-09;03:21:50.251;;;;;;18007;132334573282580000;2020-05-09;03:22:08.258;;;;;;;;131800_0034377266;;;;;;EDI+EDI;;Accept;;131800;2355;;123;Departures;;;;;;;;;;;;
D01/00000D4876F10006;132334573344963960;2020-05-09;03:22:14.496;application/x-bolt;22896;0546231671;132334573129260000;2020-05-09;03:21:52.926;;;;;;18006;132334573309320000;2020-05-09;03:22:10.932;;;;;;;;131800_0034377267;;;;Camera04;08;EDI+EDI;;Accept;;131800;2366;;123;Departures;;;;;;;;;;;;
D01/00000D4876F70006;132334574063851479;2020-05-09;03:23:26.385;application/x-bolt;23061;0546231673 / 0543231673;132334573848070000;2020-05-09;03:23:04.807;;;;;;18007;132334574028140000;2020-05-09;03:23:22.814;;;;;;;;131800_0034377268;;;Multiple main barcodes detected;Camera06;04;EDI+EDI;;Accept;;131800;2302;;123;Departures;;;;;;;;;;;;
D01/00000D4876FD0006;132334574120878877;2020-05-09;03:23:32.088;application/x-bolt;22909;0546231672;132334573905090000;2020-05-09;03:23:10.509;;;;;;18007;132334574085160000;2020-05-09;03:23:28.516;;;;;;;;131800_0034377269;;;;Camera06;06;EDI+EDI;;Accept;;131800;2329;;123;Departures;;;;;;;;;;;;
D01/00000D4877030007;132334574440724724;2020-05-09;03:24:04.072;application/x-bolt;24624;0546231674;132334574224860000;2020-05-09;03:23:42.486;;;;;;18008;132334574404940000;2020-05-09;03:24:00.494;;;;;;;;131800_0034377270;;;;;;EDI+EDI;;Accept;;131800;2324;;123;Departures;;;;;;;;;;;;
D01/00000D48770A0007;132334574639670078;2020-05-09;03:24:23.967;application/x-bolt;26311;0546231676;132334574423770000;2020-05-09;03:24:02.377;;;;;;18007;132334574603840000;2020-05-09;03:24:20.384;;;;;;;;131800_0034377271;;;;;;EDI+EDI;;Accept;;131800;2313;;123;Departures;;;;;;;;;;;;
D01/00000D4877110007;132334574695886808;2020-05-09;03:24:29.589;application/x-bolt;24697;0546231675;132334574480100000;2020-05-09;03:24:08.010;;;;;;18006;132334574660160000;2020-05-09;03:24:26.016;;;;;;;;131800_0034377272;;;;;;EDI+EDI;;Accept;;131800;2332;;123;Departures;;;;;;;;;;;;
D01/00000D4877180006;132334574803536280;2020-05-09;03:24:40.354;application/x-bolt;23342;0546231677;132334574587730000;2020-05-09;03:24:18.773;;;;;;18007;132334574767800000;2020-05-09;03:24:36.780;;;;;;;;131800_0034377273;;;;;;EDI+EDI;;Accept;;131800;2321;;123;Departures;;;;;;;;;;;;
D01/00000D48771E0007;132334575071298835;2020-05-09;03:25:07.130;application/x-bolt;25427;0546231678;132334574855460000;2020-05-09;03:24:45.546;;;;;;18006;132334575035520000;2020-05-09;03:25:03.552;;;;;;;;131800_0034377274;;;;;;EDI+EDI;;Accept;;131800;2338;;123;Departures;;;;;;;;;;;;
D01/00000D4877250006;132334575336018861;2020-05-09;03:25:33.602;application/x-bolt;23985;0546231679;132334575120200000;2020-05-09;03:25:12.020;;;;;;18007;132334575300270000;2020-05-09;03:25:30.027;;;;;;;;131800_0034377275;;;;;;EDI+EDI;;Accept;;131800;2333;;123;Departures;;;;;;;;;;;;
D01/00000D48772B0006;132334575423301407;2020-05-09;03:25:42.330;application/x-bolt;23688;0546231681;132334575207590000;2020-05-09;03:25:20.759;;;;;;18006;132334575387650000;2020-05-09;03:25:38.765;;;;;;;;131800_0034377277;;;;Camera05;05;EDI+EDI;;Accept;;131800;2343;;123;Departures;;;;;;;;;;;;
D01/00000D4877310006;132334575447311378;2020-05-09;03:25:44.731;application/x-bolt;23540;0546231680;132334575231530000;2020-05-09;03:25:23.153;;;;;;18006;132334575411590000;2020-05-09;03:25:41.159;;;;;;;;131800_0034377276;;;;;;EDI+EDI;;Accept;;131800;2343;;123;Departures;;;;;;;;;;;;
D01/00000D4877370009;132334575604181753;2020-05-09;03:26:00.418;application/x-bolt;34588;;132334575480460000;2020-05-09;03:25:48.046;;;;;;8758;132334575568040000;2020-05-09;03:25:56.804;;;3076;31;Error: PVRE_RC_E_NO_IMAGEDATA_AVAILABLE [missing data];Error;2632;131800_0034377278;;;"Enrichment ""OCR"" error: PVRE_RC_E_NO_IMAGEDATA_AVAILABLE [missing data] / Enrichment ""VCCLicense"" cancelled: no requester available / Enrichment ""VCCNoBSM"" cancelled: no requester available";;;VCS+VCS;;Cancel;;131800;2357;;123;Departures;;2;Cancelled: no requester available;Cancel;5747;;;3;Cancelled: no requester available;Cancel;5754;
D01/00000D4877400006;132334575748771932;2020-05-09;03:26:14.877;application/x-bolt;21248;0546231683;132334575533030000;2020-05-09;03:25:53.303;;;;;;18007;132334575713100000;2020-05-09;03:26:11.310;;;;;;;;131800_0034377279;;;;;;EDI+EDI;;Accept;;131800;2352;;123;Departures;;;;;;;;;;;;
D01/00000D4877460006;132334575947266915;2020-05-09;03:26:34.727;application/x-bolt;23889;0546231684;132334575731390000;2020-05-09;03:26:13.139;;;;;;18007;132334575911460000;2020-05-09;03:26:31.146;;;;;;;;131800_0034377280;;;;Camera06;04;EDI+EDI;;Accept;;131800;2369;;123;Departures;;;;;;;;;;;;
D01/00000D48774C0006;132334576297708191;2020-05-09;03:27:09.771;application/x-bolt;22695;0546231685;132334576081820000;2020-05-09;03:26:48.182;;;;;;18007;132334576261890000;2020-05-09;03:27:06.189;;;;;;;;131800_0034377281;;;;Camera04;10;EDI+EDI;;Accept;;131800;2381;;123;Departures;;;;;;;;;;;;
D01/00000D4877520006;132334577179210866;2020-05-09;03:28:37.921;application/x-bolt;21318;0546231686;132334576963330000;2020-05-09;03:28:16.333;;;;;;18007;132334577143400000;2020-05-09;03:28:34.340;;;;;;;;131800_0034377282;;;;;;EDI+EDI;;Accept;;131800;2357;;123;Departures;;;;;;;;;;;;
D01/00000D4877580007;132334577382770056;2020-05-09;03:28:58.277;application/x-bolt;24715;0546231688;132334577166760000;2020-05-09;03:28:36.676;;;;;;18008;132334577346840000;2020-05-09;03:28:54.684;;;;;;;;131800_0034377283;;;;;;EDI+EDI;;Accept;;131800;2397;;123;Departures;;;;;;;;;;;;
D01/00000D48775F0007;132334577407070256;2020-05-09;03:29:00.707;application/x-bolt;24167;0546231687;132334577191260000;2020-05-09;03:28:39.126;;;;;;18008;132334577371340000;2020-05-09;03:28:57.134;;;;;;;;131800_0034377285;;;;Camera03;07;EDI+EDI;;Accept;;131800;2370;;123;Departures;;;;;;;;;;;;
D01/00000D4877660006;132334577683920366;2020-05-09;03:29:28.392;application/x-bolt;23458;0546231691;132334577468000000;2020-05-09;03:29:06.800;;;;;;18007;132334577648070000;2020-05-09;03:29:24.807;;;;;;;;131800_0034377287;;;;Camera05;07;EDI+EDI;;Accept;;131800;2351;;123;Departures;;;;;;;;;;;;
D01/00000D48776C0007;132334577716437393;2020-05-09;03:29:31.644;application/x-bolt;25541;0546231689;132334577499040000;2020-05-09;03:29:09.904;;;;;;18008;132334577679120000;2020-05-09;03:29:27.912;;;;;;;;131800_0034377286;;;;;;EDI+EDI;;Accept;;131800;2384;;123;Departures;;;;;;;;;;;;
D01/00000D4877730007;132334577819102724;2020-05-09;03:29:41.910;application/x-bolt;24396;0546231690;132334577603260000;2020-05-09;03:29:20.326;;;;;;18007;132334577783330000;2020-05-09;03:29:38.333;;;;;;;;131800_0034377288;;;;Camera03;08;EDI+EDI;;Accept;;131800;2376;;123;Departures;;;;;;;;;;;;
D01/00000D48777A0006;132334577902922393;2020-05-09;03:29:50.292;application/x-bolt;22559;0546231692;132334577687060000;2020-05-09;03:29:28.706;;;;;;18007;132334577867130000;2020-05-09;03:29:46.713;;;;;;;;131800_0034377289;;;;Camera05;09;EDI+EDI;;Accept;;131800;2469;;123;Departures;;;;;;;;;;;;
D01/00000D4877800006;132334577992787088;2020-05-09;03:29:59.279;application/x-bolt;23317;0546231693;132334577776950000;2020-05-09;03:29:37.695;;;;;;18006;132334577957010000;2020-05-09;03:29:55.701;;;;;;;;131800_0034377290;;;;Camera04;03;EDI+EDI;;Accept;;131800;2396;;123;Departures;;;;;;;;;;;;
D01/00000D4877860007;132334578225580577;2020-05-09;03:30:22.558;application/x-bolt;24594;0546231694;132334578009640000;2020-05-09;03:30:00.964;;;;;;18010;132334578189740000;2020-05-09;03:30:18.974;;;;;;;;131800_0034377291;;;;;;EDI+EDI;;Accept;;131800;2371;;123;Departures;;;;;;;;;;;;
D01/00000D48778D0007;132334580313556037;2020-05-09;03:33:51.356;application/x-bolt;25410;0546231695;132334580097650000;2020-05-09;03:33:29.765;;;;;;18008;132334580277730000;2020-05-09;03:33:47.773;;;;;;;;131800_0034377292;;;;;;EDI+EDI;;Accept;;131800;2289;;123;Departures;;;;;;;;;;;;
D01/00000D4877940006;132334580437869364;2020-05-09;03:34:03.787;application/x-bolt;23374;0546231698;132334580221920000;2020-05-09;03:33:42.192;;;;;;18006;132334580401980000;2020-05-09;03:34:00.198;;;;;;;;131800_0034377295;;;;;;EDI+EDI;;Accept;;131800;2305;;123;Departures;;;;;;;;;;;;
D01/00000D48779A0007;132334580496628198;2020-05-09;03:34:09.663;application/x-bolt;24292;0546231696;132334580280550000;2020-05-09;03:33:48.055;;;;;;18007;132334580460620000;2020-05-09;03:34:06.062;;;;;;;;131800_0034377293;;;;;;EDI+EDI;;Accept;;131800;2336;;123;Departures;;;;;;;;;;;;
D01/00000D4877A10007;132334580558129320;2020-05-09;03:34:15.813;application/x-bolt;25834;0546231700;132334580341100000;2020-05-09;03:33:54.110;;;;;;18099;132334580522090000;2020-05-09;03:34:12.209;;;;;;;;131800_0034377294;;;;;;EDI+EDI;;Accept;;131800;2337;;123;Departures;;;;;;;;;;;;
D01/00000D4877A80006;132334580589395305;2020-05-09;03:34:18.940;application/x-bolt;23912;0546231702;132334580373100000;2020-05-09;03:33:57.310;;;;;;18041;132334580553510000;2020-05-09;03:34:15.351;;;;;;;;131800_0034377296;;;;Camera03;05;EDI+EDI;;Accept;;131800;2341;;123;Departures;;;;;;;;;;;;
D01/00000D4877AE0006;132334580672884700;2020-05-09;03:34:27.288;application/x-bolt;23884;0546231703;132334580456920000;2020-05-09;03:34:05.692;;;;;;18015;132334580637070000;2020-05-09;03:34:23.707;;;;;;;;131800_0034377297;;;;Camera05;03;EDI+EDI;;Accept;;131800;2311;;123;Departures;;;;;;;;;;;;
D01/00000D4877B40006;132334580719133137;2020-05-09;03:34:31.913;application/x-bolt;23059;0546231697;132334580503230000;2020-05-09;03:34:10.323;;;;;;18007;132334580683300000;2020-05-09;03:34:28.330;;;;;;;;131800_0034377298;;;;Camera02;11;EDI+EDI;;Accept;;131800;2328;;123;Departures;;;;;;;;;;;;
D01/00000D4877BA0006;132334580779112995;2020-05-09;03:34:37.911;application/x-bolt;23672;0546231701;132334580563260000;2020-05-09;03:34:16.326;;;;;;18006;132334580743320000;2020-05-09;03:34:34.332;;;;;;;;131800_0034377299;;;;Camera04;09;EDI+EDI;;Accept;;131800;2348;;123;Departures;;;;;;;;;;;;
D01/00000D4877C00007;132334580892357118;2020-05-09;03:34:49.236;application/x-bolt;25627;0546231704;132334580676380000;2020-05-09;03:34:27.638;;;;;;18007;132334580856450000;2020-05-09;03:34:45.645;;;;;;;;131800_0034377300;;;;;;EDI+EDI;;Accept;;131800;2366;;123;Departures;;;;;;;;;;;;
D01/00000D4877C70006;132334580971422833;2020-05-09;03:34:57.142;application/x-bolt;23987;0546231699;132334580755550000;2020-05-09;03:34:35.555;;;;;;18006;132334580935610000;2020-05-09;03:34:53.561;;;;;;;;131800_0034377301;;;;Camera05;03;EDI+EDI;;Accept;;131800;2420;;123;Departures;;;;;;;;;;;;
D01/00000D4877CD0006;132334581341380332;2020-05-09;03:35:34.138;application/x-bolt;23577;0546231705;132334581125560000;2020-05-09;03:35:12.556;;;;;;18006;132334581305620000;2020-05-09;03:35:30.562;;;;;;;;131800_0034377302;;;;Camera02;05;EDI+EDI;;Accept;;131800;2297;;123;Departures;;;;;;;;;;;;
D01/00000D4877D3000A;132334581411358495;2020-05-09;03:35:41.136;application/x-bolt;37903;;132334581214030000;2020-05-09;03:35:21.403;;;;;;16076;132334581374790000;2020-05-09;03:35:37.479;;;10051;363;;Reject;2637;131800_0034377303;;;"Enrichment ""VCCLicense"" cancelled: no requester available / Enrichment ""VCCNoBSM"" cancelled: no requester available";Camera03;05;VCS+VCS;;Cancel;;131800;2346;;123;Departures;;2;Cancelled: no requester available;Cancel;13065;;;2;Cancelled: no requester available;Cancel;13073;
D01/00000D4877DD0007;132334581566187185;2020-05-09;03:35:56.619;application/x-bolt;26223;0546231708;132334581350150000;2020-05-09;03:35:35.015;;;;;;18015;132334581530300000;2020-05-09;03:35:53.030;;;;;;;;131800_0034377305;;;;;;EDI+EDI;;Accept;;131800;2333;;123;Departures;;;;;;;;;;;;
D01/00000D4877E40007;132334581600155417;2020-05-09;03:36:00.016;application/x-bolt;24639;0546231707;132334581384270000;2020-05-09;03:35:38.427;;;;;;18007;132334581564340000;2020-05-09;03:35:56.434;;;;;;;;131800_0034377304;;;;;;EDI+EDI;;Accept;;131800;2457;;123;Departures;;;;;;;;;;;;
D01/00000D4877EB0006;132334581859490969;2020-05-09;03:36:25.949;application/x-bolt;23714;0546231709;132334581643620000;2020-05-09;03:36:04.362;;;;;;18007;132334581823690000;2020-05-09;03:36:22.369;;;;;;;;131800_0034377306;;;;Camera04;01;EDI+EDI;;Accept;;131800;2338;;123;Departures;;;;;;;;;;;;
D01/00000D4877F10007;132334581999329519;2020-05-09;03:36:39.933;application/x-bolt;25537;0546231710;132334581783330000;2020-05-09;03:36:18.333;;;;;;18007;132334581963400000;2020-05-09;03:36:36.340;;;;;;;;131800_0034377307;;;;;;EDI+EDI;;Accept;;131800;2371;;123;Departures;;;;;;;;;;;;
D01/00000D4877F80006;132334582884502516;2020-05-09;03:38:08.450;application/x-bolt;23781;0546231712;132334582668490000;2020-05-09;03:37:46.849;;;;;;18007;132334582848560000;2020-05-09;03:38:04.856;;;;;;;;131800_0034377309;;;;;;EDI+EDI;;Accept;;131800;2386;;123;Departures;;;;;;;;;;;;
D01/00000D4877FE0007;132334582944163268;2020-05-09;03:38:14.416;application/x-bolt;24894;0546231713 / 5546582623 / 0950749356;132334582728280000;2020-05-09;03:37:52.828;;;;;;18006;132334582908340000;2020-05-09;03:38:10.834;;;;;;;;131800_0034377308;;;Multiple main barcodes detected;;;EDI+EDI;;Accept;;131800;2392;;123;Departures;;;;;;;;;;;;
D01/00000D4878050007;132334583020538239;2020-05-09;03:38:22.054;application/x-bolt;24413;0546231711;132334582804560000;2020-05-09;03:38:00.456;;;;;;18006;132334582984620000;2020-05-09;03:38:18.462;;;;;;;;131800_0034377310;;;;;;EDI+EDI;;Accept;;131800;2398;;123;Departures;;;;;;;;;;;;
D01/00000D48780C0007;132334583225592675;2020-05-09;03:38:42.559;application/x-bolt;24182;0546231717;132334583009650000;2020-05-09;03:38:20.965;;;;;;18007;132334583189720000;2020-05-09;03:38:38.972;;;;;;;;131800_0034377311;;;;Camera05;07;EDI+EDI;;Accept;;131800;2429;;123;Departures;;;;;;;;;;;;
D01/00000D4878130006;132334583398339625;2020-05-09;03:38:59.834;application/x-bolt;23809;0546231714;132334583182300000;2020-05-09;03:38:38.230;;;;;;18006;132334583362360000;2020-05-09;03:38:56.236;;;;;;;;131800_0034377312;;;;;;EDI+EDI;;Accept;;131800;2432;;123;Departures;;;;;;;;;;;;
D01/00000D4878190006;132334583453516562;2020-05-09;03:39:05.352;application/x-bolt;23411;0546231715 / 0148509251;132334583237660000;2020-05-09;03:38:43.766;;;;;;18006;132334583417720000;2020-05-09;03:39:01.772;;;;;;;;131800_0034377313;;;Multiple main barcodes detected;;;EDI+EDI;;Accept;;131800;2442;;123;Departures;;;;;;;;;;;;
D01/00000D48781F0006;132334584200772239;2020-05-09;03:40:20.077;application/x-bolt;24093;0546231718 / 5546581885;132334583984720000;2020-05-09;03:39:58.472;;;;;;18008;132334584164800000;2020-05-09;03:40:16.480;;;;;;;;131800_0034377314;;;Multiple main barcodes detected;;;EDI+EDI;;Accept;;131800;2378;;123;Departures;;;;;;;;;;;;
D01/00000D4878250006;132334584227535004;2020-05-09;03:40:22.754;application/x-bolt;23003;0368517406 / 0546231720;132334584011480000;2020-05-09;03:40:01.148;;;;;;18018;132334584191660000;2020-05-09;03:40:19.166;;;;;;;;131800_0034377315;;;Multiple main barcodes detected;;;EDI+EDI;;Accept;;131800;2352;;123;Departures;;;;;;;;;;;;
D01/00000D48782B0006;132334584372198072;2020-05-09;03:40:37.220;application/x-bolt;23917;0546231719;132334584156190000;2020-05-09;03:40:15.619;;;;;;18007;132334584336260000;2020-05-09;03:40:33.626;;;;;;;;131800_0034377316;;;;Camera04;03;EDI+EDI;;Accept;;131800;2386;;123;Departures;;;;;;;;;;;;
D01/00000D4878310007;132334584655108737;2020-05-09;03:41:05.511;application/x-bolt;25620;0546231721;132334584439070000;2020-05-09;03:40:43.907;;;;;;18007;132334584619140000;2020-05-09;03:41:01.914;;;;;;;;131800_0034377317;;;;;;EDI+EDI;;Accept;;131800;2402;;123;Departures;;;;;;;;;;;;
D01/00000D4878380007;132334585944031191;2020-05-09;03:43:14.403;application/x-bolt;25537;0546231722;132334585727810000;2020-05-09;03:42:52.781;;;;;;18007;132334585907880000;2020-05-09;03:43:10.788;;;;;;;;131800_0034377318;;;;;;EDI+EDI;;Accept;;131800;2324;;123;Departures;;;;;;;;;;;;
D01/00000D48783F0006;132334586034226728;2020-05-09;03:43:23.423;application/x-bolt;23301;0546231716;132334585818150000;2020-05-09;03:43:01.815;;;;;;18007;132334585998220000;2020-05-09;03:43:19.822;;;;;;;;131800_0034377319;;;;Camera06;05;EDI+EDI;;Accept;;131800;2286;;123;Departures;;;;;;;;;;;;
D01/00000D4878450007;132334586057135914;2020-05-09;03:43:25.714;application/x-bolt;24847;0546231724;132334585841130000;2020-05-09;03:43:04.113;;;;;;18007;132334586021200000;2020-05-09;03:43:22.120;;;;;;;;131800_0034377321;;;;;;EDI+EDI;;Accept;;131800;2276;;123;Departures;;;;;;;;;;;;
D01/00000D48784C0006;132334586089052647;2020-05-09;03:43:28.905;application/x-bolt;23986;0546231723;132334585873000000;2020-05-09;03:43:07.300;;;;;;18007;132334586053070000;2020-05-09;03:43:25.307;;;;;;;;131800_0034377320;;;;Camera04;03;EDI+EDI;;Accept;;131800;2305;;123;Departures;;;;;;;;;;;;
D01/00000D4878520006;132334586194601043;2020-05-09;03:43:39.460;application/x-bolt;24154;0546231725;132334585978520000;2020-05-09;03:43:17.852;;;;;;18008;132334586158600000;2020-05-09;03:43:35.860;;;;;;;;131800_0034377322;;;;;;EDI+EDI;;Accept;;131800;2330;;123;Departures;;;;;;;;;;;;
D01/00000D4878580006;132334586295255342;2020-05-09;03:43:49.526;application/x-bolt;22807;0546231726;132334586079150000;2020-05-09;03:43:27.915;;;;;;18009;132334586259240000;2020-05-09;03:43:45.924;;;;;;;;131800_0034377323;;;;Camera04;03;EDI+EDI;;Accept;;131800;2337;;123;Departures;;;;;;;;;;;;
D01/00000D48785E0006;132334586384630193;2020-05-09;03:43:58.463;application/x-bolt;21046;0546231727;132334586168460000;2020-05-09;03:43:36.846;;;;;;18008;132334586348540000;2020-05-09;03:43:54.854;;;;;;;;131800_0034377324;;;;;;EDI+EDI;;Accept;;131800;2344;;123;Departures;;;;;;;;;;;;
D01/00000D4878640006;132334586408139884;2020-05-09;03:44:00.814;application/x-bolt;23191;0546231729;132334586192100000;2020-05-09;03:43:39.210;;;;;;18007;132334586372170000;2020-05-09;03:43:57.217;;;;;;;;131800_0034377325;;;;Camera03;06;EDI+EDI;;Accept;;131800;2350;;123;Departures;;;;;;;;;;;;
D01/00000D48786A0006;132334586433641239;2020-05-09;03:44:03.364;application/x-bolt;23571;0546231732;132334586217600000;2020-05-09;03:43:41.760;;;;;;18008;132334586397680000;2020-05-09;03:43:59.768;;;;;;;;131800_0034377327;;;;Camera06;04;EDI+EDI;;Accept;;131800;2347;;123;Departures;;;;;;;;;;;;
D01/00000D4878700006;132334586517171200;2020-05-09;03:44:11.717;application/x-bolt;23772;0546231730;132334586300940000;2020-05-09;03:43:50.094;;;;;;18008;132334586481020000;2020-05-09;03:44:08.102;;;;;;;;131800_0034377326;;;;Camera04;01;EDI+EDI;;Accept;;131800;2363;;123;Departures;;;;;;;;;;;;
D01/00000D4878760007;132334586544083739;2020-05-09;03:44:14.408;application/x-bolt;24955;0546231728;132334586328050000;2020-05-09;03:43:52.805;;;;;;18008;132334586508130000;2020-05-09;03:44:10.813;;;;;;;;131800_0034377328;;;;;;EDI+EDI;;Accept;;131800;2387;;123;Departures;;;;;;;;;;;;
D01/00000D48787D0006;132334586605885499;2020-05-09;03:44:20.589;application/x-bolt;22983;0546231735;132334586389850000;2020-05-09;03:43:58.985;;;;;;18007;132334586569920000;2020-05-09;03:44:16.992;;;;;;;;131800_0034377330;;;;Camera05;05;EDI+EDI;;Accept;;131800;2427;;123;Departures;;;;;;;;;;;;
D01/00000D4878830006;132334586633688784;2020-05-09;03:44:23.369;application/x-bolt;23690;0546231733;132334586417560000;2020-05-09;03:44:01.756;;;;;;18008;132334586597640000;2020-05-09;03:44:19.764;;;;;;;;131800_0034377331;;;;Camera05;03;EDI+EDI;;Accept;;131800;2421;;123;Departures;;;;;;;;;;;;
D01/00000D4878890006;132334586679647284;2020-05-09;03:44:27.965;application/x-bolt;21349;0546231731;132334586463590000;2020-05-09;03:44:06.359;;;;;;18007;132334586643660000;2020-05-09;03:44:24.366;;;;;;;;131800_0034377329;;;;;;EDI+EDI;;Accept;;131800;2389;;123;Departures;;;;;;;;;;;;
D01/00000D48788F0006;132334586814600301;2020-05-09;03:44:41.460;application/x-bolt;22417;0546231734 / 0546168552;132334586598680000;2020-05-09;03:44:19.868;;;;;;18006;132334586778740000;2020-05-09;03:44:37.874;;;;;;;;131800_0034377332;;;Multiple main barcodes detected;Camera05;05;EDI+EDI;;Accept;;131800;2382;;123;Departures;;;;;;;;;;;;
D01/00000D4878950006;132334586884478822;2020-05-09;03:44:48.448;application/x-bolt;23113;0546231738;132334586668300000;2020-05-09;03:44:26.830;;;;;;18007;132334586848370000;2020-05-09;03:44:44.837;;;;;;;;131800_0034377334;;;;Camera05;05;EDI+EDI;;Accept;;131800;2446;;123;Departures;;;;;;;;;;;;
D01/00000D48789B0006;132334586934130405;2020-05-09;03:44:53.413;application/x-bolt;21297;0546231737;132334586718210000;2020-05-09;03:44:31.821;;;;;;18007;132334586898280000;2020-05-09;03:44:49.828;;;;;;;;131800_0034377333;;;;;;EDI+EDI;;Accept;;131800;2431;;123;Departures;;;;;;;;;;;;
D01/00000D4878A10007;132334587022524436;2020-05-09;03:45:02.252;application/x-bolt;25454;0546231736;132334586806500000;2020-05-09;03:44:40.650;;;;;;18007;132334586986570000;2020-05-09;03:44:58.657;;;;;;;;131800_0034377335;;;;;;EDI+EDI;;Accept;;131800;2457;;123;Departures;;;;;;;;;;;;
D01/00000D4878A80007;132334587263035867;2020-05-09;03:45:26.304;application/x-bolt;25033;0546231739;132334587046890000;2020-05-09;03:45:04.689;;;;;;18007;132334587226960000;2020-05-09;03:45:22.696;;;;;;;;131800_0034377336;;;;;;EDI+EDI;;Accept;;131800;2408;;123;Departures;;;;;;;;;;;;
D01/00000D4878AF0006;132334587373068024;2020-05-09;03:45:37.307;application/x-bolt;23450;0546231740;132334587156920000;2020-05-09;03:45:15.692;;;;;;18007;132334587336990000;2020-05-09;03:45:33.699;;;;;;;;131800_0034377337;;;;Camera03;06;EDI+EDI;;Accept;;131800;2418;;123;Departures;;;;;;;;;;;;
D01/00000D4878B50007;132334587550276436;2020-05-09;03:45:55.028;application/x-bolt;25814;0546231741;132334587334220000;2020-05-09;03:45:33.422;;;;;;18007;132334587514290000;2020-05-09;03:45:51.429;;;;;;;;131800_0034377339;;;;;;EDI+EDI;;Accept;;131800;2462;;123;Departures;;;;;;;;;;;;
D01/00000D4878BC0006;132334587668655577;2020-05-09;03:46:06.866;application/x-bolt;22773;0546231742;132334587452700000;2020-05-09;03:45:45.270;;;;;;18006;132334587632760000;2020-05-09;03:46:03.276;;;;;;;;131800_0034377340;;;;Camera04;03;EDI+EDI;;Accept;;131800;2441;;123;Departures;;;;;;;;;;;;
D01/00000D4878C20007;132334587961850616;2020-05-09;03:46:36.185;application/x-bolt;25011;0546231746;132334587745690000;2020-05-09;03:46:14.569;;;;;;18009;132334587925780000;2020-05-09;03:46:32.578;;;;;;;;131800_0034377341;;;;;;EDI+EDI;;Accept;;131800;2449;;123;Departures;;;;;;;;;;;;
D01/00000D4878C90007;132334588012242503;2020-05-09;03:46:41.224;application/x-bolt;24758;0546231745;132334587796150000;2020-05-09;03:46:19.615;;;;;;18006;132334587976210000;2020-05-09;03:46:37.621;;;;;;;;131800_0034377342;;;;;;EDI+EDI;;Accept;;131800;2450;;123;Departures;;;;;;;;;;;;
D01/00000D4878D00007;132334588073573480;2020-05-09;03:46:47.357;application/x-bolt;24949;0546231744;132334587857160000;2020-05-09;03:46:25.716;;;;;;18030;132334588037460000;2020-05-09;03:46:43.746;;;;;;;;131800_0034377343;;;;;;EDI+EDI;;Accept;;131800;2486;;123;Departures;;;;;;;;;;;;
D01/00000D4878D70006;132334588362083278;2020-05-09;03:47:16.208;application/x-bolt;23468;0546231747;132334588146160000;2020-05-09;03:46:54.616;;;;;;18008;132334588326240000;2020-05-09;03:47:12.624;;;;;;;;131800_0034377345;;;;Camera06;02;EDI+EDI;;Accept;;131800;2481;;123;Departures;;;;;;;;;;;;
D01/00000D4878DD0007;132334588388235017;2020-05-09;03:47:18.824;application/x-bolt;25181;0546231743 / 0446231743;132334588172150000;2020-05-09;03:46:57.215;;;;;;18007;132334588352220000;2020-05-09;03:47:15.222;;;;;;;;131800_0034377344;;;Multiple main barcodes detected;;;EDI+EDI;;Accept;;131800;2492;;123;Departures;;;;;;;;;;;;
D01/00000D4878E40007;132334588470663526;2020-05-09;03:47:27.066;application/x-bolt;24221;0546231748;132334588254570000;2020-05-09;03:47:05.457;;;;;;18007;132334588434640000;2020-05-09;03:47:23.464;;;;;;;;131800_0034377347;;;;;;EDI+EDI;;Accept;;131800;2510;;123;Departures;;;;;;;;;;;;
D01/00000D4878EB0006;132334589079029180;2020-05-09;03:48:27.903;application/x-bolt;23638;0546231749;132334588862800000;2020-05-09;03:48:06.280;;;;;;18007;132334589042870000;2020-05-09;03:48:24.287;;;;;;;;131800_0034377350;;;;;;EDI+EDI;;Accept;;131800;2477;;123;Departures;;;;;;;;;;;;
D01/00000D4878F10007;132334589212780352;2020-05-09;03:48:41.278;application/x-bolt;24782;0546231750;132334588996630000;2020-05-09;03:48:19.663;;;;;;18007;132334589176700000;2020-05-09;03:48:37.670;;;;;;;;131800_0034377351;;;;;;EDI+EDI;;Accept;;131800;2487;;123;Departures;;;;;;;;;;;;
D01/00000D4878F80006;132334589267866133;2020-05-09;03:48:46.787;application/x-bolt;21011;0546231751;132334589051770000;2020-05-09;03:48:25.177;;;;;;18009;132334589231860000;2020-05-09;03:48:43.186;;;;;;;;131800_0034377352;;;;;;EDI+EDI;;Accept;;131800;2459;;123;Departures;;;;;;;;;;;;
D01/00000D4878FE0007;132334589355619075;2020-05-09;03:48:55.562;application/x-bolt;26361;0546231752;132334589139420000;2020-05-09;03:48:33.942;;;;;;18006;132334589319480000;2020-05-09;03:48:51.948;;;;;;;;131800_0034377353;;;;;;EDI+EDI;;Accept;;131800;2497;;123;Departures;;;;;;;;;;;;
D01/00000D4879050006;132334589699504902;2020-05-09;03:49:29.950;application/x-bolt;23534;0546231753;132334589483280000;2020-05-09;03:49:08.328;;;;;;18007;132334589663350000;2020-05-09;03:49:26.335;;;;;;;;131800_0034377354;;;;Camera06;03;EDI+EDI;;Accept;;131800;2416;;123;Departures;;;;;;;;;;;;
D01/00000D48790B0006;132334589731151214;2020-05-09;03:49:33.115;application/x-bolt;22477;0546231754;132334589514900000;2020-05-09;03:49:11.490;;;;;;18007;132334589694970000;2020-05-09;03:49:29.497;;;;;;;;131800_0034377355;;;;Camera05;12;EDI+EDI;;Accept;;131800;2430;;123;Departures;;;;;;;;;;;;
D01/00000D4879110006;132334590069732624;2020-05-09;03:50:06.973;application/x-bolt;21301;0546231755;132334589853600000;2020-05-09;03:49:45.360;;;;;;18007;132334590033670000;2020-05-09;03:50:03.367;;;;;;;;131800_0034377356;;;;;;EDI+EDI;;Accept;;131800;2441;;123;Departures;;;;;;;;;;;;
D01/00000D4879170007;132334590126840089;2020-05-09;03:50:12.684;application/x-bolt;26657;0546231756;132334589910540000;2020-05-09;03:49:51.054;;;;;;18007;132334590090610000;2020-05-09;03:50:09.061;;;;;;;;131800_0034377357;;;;;;EDI+EDI;;Accept;;131800;2454;;123;Departures;;;;;;;;;;;;
D01/00000D48791E0007;132334590268137532;2020-05-09;03:50:26.814;application/x-bolt;25213;0546231757;132334590051910000;2020-05-09;03:50:05.191;;;;;;18006;132334590231970000;2020-05-09;03:50:23.197;;;;;;;;131800_0034377358;;;;;;EDI+EDI;;Accept;;131800;2402;;123;Departures;;;;;;;;;;;;
D01/00000D4879250007;132334591192205587;2020-05-09;03:51:59.221;application/x-bolt;25466;0546231759 / 0368516532;132334590976040000;2020-05-09;03:51:37.604;;;;;;18006;132334591156100000;2020-05-09;03:51:55.610;;;;;;;;131800_0034377360;;;Multiple main barcodes detected;;;EDI+EDI;;Accept;;131800;2351;;123;Departures;;;;;;;;;;;;
D01/00000D48792C0006;132334591244709228;2020-05-09;03:52:04.471;application/x-bolt;21212;0546231758;132334591026100000;2020-05-09;03:51:42.610;;;;;;18019;132334591206290000;2020-05-09;03:52:00.629;;;;;;;;131800_0034377361;;;;;;EDI+EDI;;Accept;;131800;2378;;123;Departures;;;;;;;;;;;;
D01/00000D4879320007;132334591265896840;2020-05-09;03:52:06.590;application/x-bolt;25010;0546231764;132334591049980000;2020-05-09;03:51:44.998;;;;;;18006;132334591230040000;2020-05-09;03:52:03.004;;;;;;;;131800_0034377367;;;;;;EDI+EDI;;Accept;;131800;2370;;123;Departures;;;;;;;;;;;;
D01/00000D487939000A;132334591334934221;2020-05-09;03:52:13.493;application/x-bolt;38797;0502231762 / 0546231762;132334591139250000;2020-05-09;03:51:53.925;;;;;;15932;132334591298570000;2020-05-09;03:52:09.857;;;10039;128;;Reject;2747;131800_0034377363;;;"Multiple main barcodes detected / Enrichment ""VCCNoBSM"" cancelled: no requester available";Camera06;01;EDI+VCS;;Cancel;;131800;2390;;123;Departures;;;;;;;;3;Cancelled: no requester available;Cancel;12927;
D01/00000D4879430006;132334591411097519;2020-05-09;03:52:21.110;application/x-bolt;21408;0546231766;132334591194830000;2020-05-09;03:51:59.483;;;;;;18007;132334591374900000;2020-05-09;03:52:17.490;;;;;;;;131800_0034377362;;;;;;EDI+EDI;;Accept;;131800;2389;;123;Departures;;;;;;;;;;;;
D01/00000D4879490006;132334591456345132;2020-05-09;03:52:25.635;application/x-bolt;23996;0546231760;132334591240120000;2020-05-09;03:52:04.012;;;;;;18008;132334591420200000;2020-05-09;03:52:22.020;;;;;;;;131800_0034377364;;;;Camera03;06;EDI+EDI;;Accept;;131800;2345;;123;Departures;;;;;;;;;;;;
D01/00000D48794F0007;132334591483127390;2020-05-09;03:52:28.313;application/x-bolt;24219;0546231763;132334591267000000;2020-05-09;03:52:06.700;;;;;;18007;132334591447070000;2020-05-09;03:52:24.707;;;;;;;;131800_0034377365;;;;;;EDI+EDI;;Accept;;131800;2380;;123;Departures;;;;;;;;;;;;
D01/00000D4879560006;132334591548661862;2020-05-09;03:52:34.866;application/x-bolt;22712;0546231761;132334591332450000;2020-05-09;03:52:13.245;;;;;;18006;132334591512510000;2020-05-09;03:52:31.251;;;;;;;;131800_0034377366;;;;Camera05;03;EDI+EDI;;Accept;;131800;2417;;123;Departures;;;;;;;;;;;;
D01/00000D48795C0006;132334591630489875;2020-05-09;03:52:43.049;application/x-bolt;23562;0546231765;132334591414390000;2020-05-09;03:52:21.439;;;;;;18009;132334591594480000;2020-05-09;03:52:39.448;;;;;;;;131800_0034377368;;;;Camera03;06;EDI+EDI;;Accept;;131800;2382;;123;Departures;;;;;;;;;;;;
D01/00000D4879620006;132334591716091024;2020-05-09;03:52:51.609;application/x-bolt;23921;0546231769;132334591499960000;2020-05-09;03:52:29.996;;;;;;18008;132334591680040000;2020-05-09;03:52:48.004;;;;;;;;131800_0034377371;;;;;;EDI+EDI;;Accept;;131800;2406;;123;Departures;;;;;;;;;;;;
D01/00000D4879680007;132334591760357818;2020-05-09;03:52:56.036;application/x-bolt;24376;0546231768;132334591544150000;2020-05-09;03:52:34.415;;;;;;18015;132334591724300000;2020-05-09;03:52:52.430;;;;;;;;131800_0034377369;;;;Camera04;06;EDI+EDI;;Accept;;131800;2398;;123;Departures;;;;;;;;;;;;
D01/00000D48796F0007;132334591816064120;2020-05-09;03:53:01.606;application/x-bolt;24381;0546231770;132334591599880000;2020-05-09;03:52:39.988;;;;;;18008;132334591779960000;2020-05-09;03:52:57.996;;;;;;;;131800_0034377372;;;;Camera03;09;EDI+EDI;;Accept;;131800;2412;;123;Departures;;;;;;;;;;;;
D01/00000D4879760007;132334591852554451;2020-05-09;03:53:05.255;application/x-bolt;24168;0546231767;132334591636430000;2020-05-09;03:52:43.643;;;;;;18007;132334591816500000;2020-05-09;03:53:01.650;;;;;;;;131800_0034377370;;;;Camera03;09;EDI+EDI;;Accept;;131800;2435;;123;Departures;;;;;;;;;;;;
D01/00000D48797D0006;132334592105364576;2020-05-09;03:53:30.536;application/x-bolt;21525;0546231771;132334591889260000;2020-05-09;03:53:08.926;;;;;;18007;132334592069330000;2020-05-09;03:53:26.933;;;;;;;;131800_0034377373;;;;;;EDI+EDI;;Accept;;131800;2432;;123;Departures;;;;;;;;;;;;
D01/00000D4879830006;132334592366921976;2020-05-09;03:53:56.692;application/x-bolt;23843;0546231772;132334592150710000;2020-05-09;03:53:35.071;;;;;;18006;132334592330770000;2020-05-09;03:53:53.077;;;;;;;;131800_0034377374;;;;Camera03;09;EDI+EDI;;Accept;;131800;2441;;123;Departures;;;;;;;;;;;;
D01/00000D4879890006;132334592394094559;2020-05-09;03:53:59.409;application/x-bolt;23712;0546231773;132334592177930000;2020-05-09;03:53:37.793;;;;;;18007;132334592358000000;2020-05-09;03:53:55.800;;;;;;;;131800_0034377375;;;;Camera03;07;EDI+EDI;;Accept;;131800;2459;;123;Departures;;;;;;;;;;;;
D01/00000D48798F0006;132334592591608732;2020-05-09;03:54:19.161;application/x-bolt;21147;0546231777;132334592375480000;2020-05-09;03:53:57.548;;;;;;18007;132334592555550000;2020-05-09;03:54:15.555;;;;;;;;131800_0034377376;;;;;;EDI+EDI;;Accept;;131800;2456;;123;Departures;;;;;;;;;;;;
D01/00000D4879950007;132334592630711226;2020-05-09;03:54:23.071;application/x-bolt;25164;0546231776;132334592414560000;2020-05-09;03:54:01.456;;;;;;18006;132334592594620000;2020-05-09;03:54:19.462;;;;;;;;131800_0034377377;;;;;;EDI+EDI;;Accept;;131800;2441;;123;Departures;;;;;;;;;;;;
D01/00000D48799C0007;132334592659234938;2020-05-09;03:54:25.923;application/x-bolt;24680;0148524660 / 0546231774;132334592443060000;2020-05-09;03:54:04.306;;;;;;18006;132334592623120000;2020-05-09;03:54:22.312;;;;;;;;131800_0034377378;;;Multiple main barcodes detected;Camera05;09;EDI+EDI;;Accept;;131800;2441;;123;Departures;;;;;;;;;;;;
D01/00000D4879A30007;132334595223826548;2020-05-09;03:58:42.383;application/x-bolt;25309;0546231778;132334595007580000;2020-05-09;03:58:20.758;;;;;;18006;132334595187640000;2020-05-09;03:58:38.764;;;;;;;;131800_0034377379;;;;;;EDI+EDI;;Accept;;131800;2285;;123;Departures;;;;;;;;;;;;
D01/00000D4879AA0007;132334595249197631;2020-05-09;03:58:44.920;application/x-bolt;25256;0546231775;132334595032960000;2020-05-09;03:58:23.296;;;;;;18007;132334595213030000;2020-05-09;03:58:41.303;;;;;;;;131800_0034377380;;;;;;EDI+EDI;;Accept;;131800;2305;;123;Departures;;;;;;;;;;;;
D01/00000D4879B10007;132334595321858027;2020-05-09;03:58:52.186;application/x-bolt;25107;0546231779;132334595105640000;2020-05-09;03:58:30.564;;;;;;18008;132334595285720000;2020-05-09;03:58:48.572;;;;;;;;131800_0034377381;;;;;;EDI+EDI;;Accept;;131800;2296;;123;Departures;;;;;;;;;;;;
D01/00000D4879B80007;132334595347038959;2020-05-09;03:58:54.704;application/x-bolt;24342;0546231780;132334595130850000;2020-05-09;03:58:33.085;;;;;;18007;132334595310920000;2020-05-09;03:58:51.092;;;;;;;;131800_0034377382;;;;Camera03;08;EDI+EDI;;Accept;;131800;2303;;123;Departures;;;;;;;;;;;;
D01/00000D4879BF0006;132334595554751597;2020-05-09;03:59:15.475;application/x-bolt;21240;0546231781;132334595338470000;2020-05-09;03:58:53.847;;;;;;18007;132334595518540000;2020-05-09;03:59:11.854;;;;;;;;131800_0034377383;;;;;;EDI+EDI;;Accept;;131800;2312;;123;Departures;;;;;;;;;;;;
D01/00000D4879C50007;132334595643825640;2020-05-09;03:59:24.383;application/x-bolt;26104;0546231782;132334595427600000;2020-05-09;03:59:02.760;;;;;;18007;132334595607670000;2020-05-09;03:59:20.767;;;;;;;;131800_0034377385;;;;;;EDI+EDI;;Accept;;131800;2286;;123;Departures;;;;;;;;;;;;
D01/00000D4879CC0006;132334595666984883;2020-05-09;03:59:26.698;application/x-bolt;21187;0546231785;132334595450720000;2020-05-09;03:59:05.072;;;;;;18007;132334595630790000;2020-05-09;03:59:23.079;;;;;;;;131800_0034377384;;;;;;EDI+EDI;;Accept;;131800;2295;;123;Departures;;;;;;;;;;;;
D01/00000D4879D20007;132334595696499416;2020-05-09;03:59:29.650;application/x-bolt;24231;0546231783;132334595480290000;2020-05-09;03:59:08.029;;;;;;18008;132334595660370000;2020-05-09;03:59:26.037;;;;;;;;131800_0034377387;;;;;;EDI+EDI;;Accept;;131800;2310;;123;Departures;;;;;;;;;;;;
D01/00000D4879D90006;132334595808392416;2020-05-09;03:59:40.839;application/x-bolt;22621;0546231786;132334595592030000;2020-05-09;03:59:19.203;;;;;;18007;132334595772100000;2020-05-09;03:59:37.210;;;;;;;;131800_0034377386;;;;Camera03;10;EDI+EDI;;Accept;;131800;2303;;123;Departures;;;;;;;;;;;;
D01/00000D4879DF0007;132334595854660873;2020-05-09;03:59:45.466;application/x-bolt;25533;0546231784;132334595636460000;2020-05-09;03:59:23.646;;;;;;18209;132334595818550000;2020-05-09;03:59:41.855;;;;;;;;131800_0034377389;;;;;;EDI+EDI;;Accept;;131800;2310;;123;Departures;;;;;;;;;;;;
D01/00000D4879E60006;132334595880652483;2020-05-09;03:59:48.065;application/x-bolt;21257;0546231789;132334595664410000;2020-05-09;03:59:26.441;;;;;;18006;132334595844470000;2020-05-09;03:59:44.447;;;;;;;;131800_0034377391;;;;;;EDI+EDI;;Accept;;131800;2353;;123;Departures;;;;;;;;;;;;
D01/00000D4879EC0007;132334595915661576;2020-05-09;03:59:51.566;application/x-bolt;24422;0546231790;132334595699160000;2020-05-09;03:59:29.916;;;;;;18039;132334595879550000;2020-05-09;03:59:47.955;;;;;;;;131800_0034377392;;;;;;EDI+EDI;;Accept;;131800;2337;;123;Departures;;;;;;;;;;;;
D01/00000D4879F30007;132334595950980931;2020-05-09;03:59:55.098;application/x-bolt;25240;0546231787;132334595734720000;2020-05-09;03:59:33.472;;;;;;18007;132334595914790000;2020-05-09;03:59:51.479;;;;;;;;131800_0034377396;;;;;;EDI+EDI;;Accept;;131800;2376;;123;Departures;;;;;;;;;;;;
D01/00000D4879FA0007;132334595981736499;2020-05-09;03:59:58.174;application/x-bolt;25770;0546231788;132334595765060000;2020-05-09;03:59:36.506;;;;;;18049;132334595945550000;2020-05-09;03:59:54.555;;;;;;;;131800_0034377395;;;;;;EDI+EDI;;Accept;;131800;2362;;123;Departures;;;;;;;;;;;;
D01/00000D487A010007;132334596051764701;2020-05-09;04:00:05.176;application/x-bolt;25495;0546231792;132334595835240000;2020-05-09;03:59:43.524;;;;;;18026;132334596015500000;2020-05-09;04:00:01.550;;;;;;;;131800_0034377394;;;;;;EDI+EDI;;Accept;;131800;2381;;123;Departures;;;;;;;;;;;;
D01/00000D487A080006;132334596178660168;2020-05-09;04:00:17.866;application/x-bolt;23456;0546231791;132334595961930000;2020-05-09;03:59:56.193;;;;;;18046;132334596142390000;2020-05-09;04:00:14.239;;;;;;;;131800_0034377397;;;;Camera04;03;EDI+EDI;;Accept;;131800;2387;;123;Departures;;;;;;;;;;;;
D01/00000D487A0E0006;132334596303353813;2020-05-09;04:00:30.335;application/x-bolt;21296;0546231793;132334596083840000;2020-05-09;04:00:08.384;;;;;;18215;132334596265990000;2020-05-09;04:00:26.599;;;;;;;;131800_0034377398;;;;;;EDI+EDI;;Accept;;131800;2383;;123;Departures;;;;;;;;;;;;
D01/00000D487A140007;132334596334940064;2020-05-09;04:00:33.494;application/x-bolt;24376;0546231794;132334596117990000;2020-05-09;04:00:11.799;;;;;;18079;132334596298780000;2020-05-09;04:00:29.878;;;;;;;;131800_0034377399;;;;;;EDI+EDI;;Accept;;131800;2411;;123;Departures;;;;;;;;;;;;
D01/00000D487A1B0006;132334596360110988;2020-05-09;04:00:36.011;application/x-bolt;22982;0546231798;132334596143910000;2020-05-09;04:00:14.391;;;;;;18006;132334596323970000;2020-05-09;04:00:32.397;;;;;;;;131800_0034377405;;;;Camera06;06;EDI+EDI;;Accept;;131800;2410;;123;Departures;;;;;;;;;;;;
D01/00000D487A210006;132334596393128434;2020-05-09;04:00:39.313;application/x-bolt;23001;0546231800;132334596176910000;2020-05-09;04:00:17.691;;;;;;18006;132334596356970000;2020-05-09;04:00:35.697;;;;;;;;131800_0034377401;;;;Camera03;10;EDI+EDI;;Accept;;131800;2413;;123;Departures;;;;;;;;;;;;
D01/00000D487A270006;132334596426165891;2020-05-09;04:00:42.617;application/x-bolt;23598;0546231797;132334596209910000;2020-05-09;04:00:20.991;;;;;;18006;132334596389970000;2020-05-09;04:00:38.997;;;;;;;;131800_0034377400;;;;Camera06;05;EDI+EDI;;Accept;;131800;2430;;123;Departures;;;;;;;;;;;;
D01/00000D487A2D0006;132334596457832213;2020-05-09;04:00:45.783;application/x-bolt;22802;0546231799;132334596241630000;2020-05-09;04:00:24.163;;;;;;18008;132334596421710000;2020-05-09;04:00:42.171;;;;;;;;131800_0034377404;;;;Camera04;12;EDI+EDI;;Accept;;131800;2439;;123;Departures;;;;;;;;;;;;
D01/00000D487A330007;132334596489478516;2020-05-09;04:00:48.948;application/x-bolt;24571;0546231796;132334596273310000;2020-05-09;04:00:27.331;;;;;;18006;132334596453370000;2020-05-09;04:00:45.337;;;;;;;;131800_0034377402;;;;Camera04;07;EDI+EDI;;Accept;;131800;2505;;123;Departures;;;;;;;;;;;;
D01/00000D487A3A0006;132334596736583901;2020-05-09;04:01:13.658;application/x-bolt;23842;0546231801;132334596520380000;2020-05-09;04:00:52.038;;;;;;18006;132334596700440000;2020-05-09;04:01:10.044;;;;;;;;131800_0034377406;;;;Camera02;09;EDI+EDI;;Accept;;131800;2470;;123;Departures;;;;;;;;;;;;
D01/00000D487A400006;132334596761174339;2020-05-09;04:01:16.117;application/x-bolt;23488;0546231802;132334596544890000;2020-05-09;04:00:54.489;;;;;;18007;132334596724960000;2020-05-09;04:01:12.496;;;;;;;;131800_0034377407;;;;Camera04;08;EDI+EDI;;Accept;;131800;2459;;123;Departures;;;;;;;;;;;;
D01/00000D487A460006;132334596964723521;2020-05-09;04:01:36.472;application/x-bolt;24078;0546231803;132334596748690000;2020-05-09;04:01:14.869;;;;;;18007;132334596928760000;2020-05-09;04:01:32.876;;;;;;;;131800_0034377408;;;;Camera04;05;EDI+EDI;;Accept;;131800;2485;;123;Departures;;;;;;;;;;;;
D01/00000D487A4C0006;132334597334721056;2020-05-09;04:02:13.472;application/x-bolt;22733;0546231808;132334597118310000;2020-05-09;04:01:51.831;;;;;;18019;132334597298500000;2020-05-09;04:02:09.850;;;;;;;;131800_0034377410;;;;Camera06;04;EDI+EDI;;Accept;;131800;2470;;123;Departures;;;;;;;;;;;;
D01/00000D487A520006;132334597367268106;2020-05-09;04:02:16.727;application/x-bolt;23756;0546231805;132334597151230000;2020-05-09;04:01:55.123;;;;;;18007;132334597331300000;2020-05-09;04:02:13.130;;;;;;;;131800_0034377409;;;;Camera02;11;EDI+EDI;;Accept;;131800;2488;;123;Departures;;;;;;;;;;;;
D01/00000D487A580007;132334597448675770;2020-05-09;04:02:24.868;application/x-bolt;25061;0546231807;132334597232390000;2020-05-09;04:02:03.239;;;;;;18010;132334597412490000;2020-05-09;04:02:21.249;;;;;;;;131800_0034377412;;;;;;EDI+EDI;;Accept;;131800;2507;;123;Departures;;;;;;;;;;;;
D01/00000D487A5F0006;132334597478660695;2020-05-09;04:02:27.866;application/x-bolt;23337;0546231804;132334597262410000;2020-05-09;04:02:06.241;;;;;;18007;132334597442480000;2020-05-09;04:02:24.248;;;;;;;;131800_0034377411;;;;Camera03;05;EDI+EDI;;Accept;;131800;2504;;123;Departures;;;;;;;;;;;;
D01/00000D487A650006;132334597682710293;2020-05-09;04:02:48.271;application/x-bolt;23024;0546231806;132334597466470000;2020-05-09;04:02:26.647;;;;;;18008;132334597646550000;2020-05-09;04:02:44.655;;;;;;;;131800_0034377414;;;;Camera04;03;EDI+EDI;;Accept;;131800;2500;;123;Departures;;;;;;;;;;;;
D01/00000D487A6B0006;132334600068423220;2020-05-09;04:06:46.842;application/x-bolt;22988;0546231809;132334599852140000;2020-05-09;04:06:25.214;;;;;;18007;132334600032210000;2020-05-09;04:06:43.221;;;;;;;;131800_0034377416;;;;Camera01;12;EDI+EDI;;Accept;;131800;2279;;123;Departures;;;;;;;;;;;;
D01/00000D487A710006;132334600172429672;2020-05-09;04:06:57.243;application/x-bolt;21291;0546231810;132334599956170000;2020-05-09;04:06:35.617;;;;;;18007;132334600136240000;2020-05-09;04:06:53.624;;;;;;;;131800_0034377417;;;;;;EDI+EDI;;Accept;;131800;2285;;123;Departures;;;;;;;;;;;;
D01/00000D487A770007;132334600372335824;2020-05-09;04:07:17.234;application/x-bolt;26159;0546231811;132334600155970000;2020-05-09;04:06:55.597;;;;;;18008;132334600336050000;2020-05-09;04:07:13.605;;;;;;;;131800_0034377418;;;;;;EDI+EDI;;Accept;;131800;2299;;123;Departures;;;;;;;;;;;;
D01/00000D487A7E0007;132334600572562247;2020-05-09;04:07:37.256;application/x-bolt;27263;0546231812;132334600356130000;2020-05-09;04:07:15.613;;;;;;18007;132334600536200000;2020-05-09;04:07:33.620;;;;;;;;131800_0034377419;;;;;;EDI+EDI;;Accept;;131800;2276;;123;Departures;;;;;;;;;;;;
D01/00000D487A850007;132334600684285110;2020-05-09;04:07:48.429;application/x-bolt;24781;0546231813;132334600468260000;2020-05-09;04:07:26.826;;;;;;18007;132334600648330000;2020-05-09;04:07:44.833;;;;;;;;131800_0034377420;;;;Camera03;05;EDI+EDI;;Accept;;131800;2280;;123;Departures;;;;;;;;;;;;
D01/00000D487A8C0006;132334601003430369;2020-05-09;04:08:20.343;application/x-bolt;21295;0546231814;132334600787140000;2020-05-09;04:07:58.714;;;;;;18006;132334600967200000;2020-05-09;04:08:16.720;;;;;;;;131800_0034377421;;;;;;EDI+EDI;;Accept;;131800;2291;;123;Departures;;;;;;;;;;;;
D01/00000D487A920006;132334601404103400;2020-05-09;04:09:00.410;application/x-bolt;23602;0546231816;132334601187790000;2020-05-09;04:08:38.779;;;;;;18007;132334601367860000;2020-05-09;04:08:56.786;;;;;;;;131800_0034377422;;;;Camera03;06;EDI+EDI;;Accept;;131800;2269;;123;Departures;;;;;;;;;;;;
D01/00000D487A980006;132334601651619125;2020-05-09;04:09:25.162;application/x-bolt;21338;0546231817;132334601435240000;2020-05-09;04:09:03.524;;;;;;18006;132334601615300000;2020-05-09;04:09:21.530;;;;;;;;131800_0034377423;;;;;;EDI+EDI;;Accept;;131800;2272;;123;Departures;;;;;;;;;;;;
D01/00000D487A9E0006;132334601786661370;2020-05-09;04:09:38.666;application/x-bolt;22901;0546231818;132334601570330000;2020-05-09;04:09:17.033;;;;;;18007;132334601750400000;2020-05-09;04:09:35.040;;;;;;;;131800_0034377424;;;;Camera02;08;EDI+EDI;;Accept;;131800;2284;;123;Departures;;;;;;;;;;;;
D01/00000D487AA40006;132334602360658458;2020-05-09;04:10:36.066;application/x-bolt;23520;0546231820;132334602144260000;2020-05-09;04:10:14.426;;;;;;18007;132334602324330000;2020-05-09;04:10:32.433;;;;;;;;131800_0034377425;;;;Camera04;09;EDI+EDI;;Accept;;131800;2288;;123;Departures;;;;;;;;;;;;
D01/00000D487AAA0006;132334602450483114;2020-05-09;04:10:45.048;application/x-bolt;23702;0546231821 / 0446231821;132334602234220000;2020-05-09;04:10:23.422;;;;;;18008;132334602414300000;2020-05-09;04:10:41.430;;;;;;;;131800_0034377426;;;Multiple main barcodes detected;;;EDI+EDI;;Accept;;131800;2320;;123;Departures;;;;;;;;;;;;
D01/00000D487AB00006;132334602680144004;2020-05-09;04:11:08.014;application/x-bolt;23917;0546231819;132334602463740000;2020-05-09;04:10:46.374;;;;;;18007;132334602643810000;2020-05-09;04:11:04.381;;;;;;;;131800_0034377427;;;;;;EDI+EDI;;Accept;;131800;2322;;123;Departures;;;;;;;;;;;;
D01/00000D487AB60006;132334602729054657;2020-05-09;04:11:12.905;application/x-bolt;24066;0546231826;132334602512730000;2020-05-09;04:10:51.273;;;;;;18006;132334602692790000;2020-05-09;04:11:09.279;;;;;;;;131800_0034377428;;;;;;EDI+EDI;;Accept;;131800;2331;;123;Departures;;;;;;;;;;;;
D01/00000D487ABC0006;132334602832500638;2020-05-09;04:11:23.250;application/x-bolt;23955;0546231823;132334602616120000;2020-05-09;04:11:01.612;;;;;;18008;132334602796200000;2020-05-09;04:11:19.620;;;;;;;;131800_0034377429;;;;;;EDI+EDI;;Accept;;131800;2342;;123;Departures;;;;;;;;;;;;
D01/00000D487AC20006;132334602957084188;2020-05-09;04:11:35.708;application/x-bolt;22511;0546231824;132334602740790000;2020-05-09;04:11:14.079;;;;;;18007;132334602920860000;2020-05-09;04:11:32.086;;;;;;;;131800_0034377430;;;;Camera05;03;EDI+EDI;;Accept;;131800;2371;;123;Departures;;;;;;;;;;;;
D01/00000D487AC80006;132334603012720432;2020-05-09;04:11:41.272;application/x-bolt;23188;0546231822;132334602796410000;2020-05-09;04:11:19.641;;;;;;18007;132334602976480000;2020-05-09;04:11:37.648;;;;;;;;131800_0034377431;;;;Camera06;05;EDI+EDI;;Accept;;131800;2361;;123;Departures;;;;;;;;;;;;
D01/00000D487ACE0006;132334603186805125;2020-05-09;04:11:58.681;application/x-bolt;22934;0546231825;132334602970500000;2020-05-09;04:11:37.050;;;;;;18007;132334603150570000;2020-05-09;04:11:55.057;;;;;;;;131800_0034377432;;;;Camera01;07;EDI+EDI;;Accept;;131800;2400;;123;Departures;;;;;;;;;;;;
D01/00000D487AD40006;132334603529860258;2020-05-09;04:12:32.986;application/x-bolt;23344;0546231827;132334603313530000;2020-05-09;04:12:11.353;;;;;;18008;132334603493610000;2020-05-09;04:12:29.361;;;;;;;;131800_0034377433;;;;Camera05;03;EDI+EDI;;Accept;;131800;2357;;123;Departures;;;;;;;;;;;;
D01/00000D487ADA0006;132334603924368165;2020-05-09;04:13:12.437;application/x-bolt;23994;0546231830;132334603707980000;2020-05-09;04:12:50.798;;;;;;18017;132334603888150000;2020-05-09;04:13:08.815;;;;;;;;131800_0034377434;;;;;;EDI+EDI;;Accept;;131800;2356;;123;Departures;;;;;;;;;;;;
D01/00000D487AE00006;132334603983817575;2020-05-09;04:13:18.382;application/x-bolt;21425;0546231828;132334603767500000;2020-05-09;04:12:56.750;;;;;;18006;132334603947560000;2020-05-09;04:13:14.756;;;;;;;;131800_0034377435;;;;;;EDI+EDI;;Accept;;131800;2387;;123;Departures;;;;;;;;;;;;
D01/00000D487AE60006;132334604156751312;2020-05-09;04:13:35.675;application/x-bolt;23217;0546231829;132334603940460000;2020-05-09;04:13:14.046;;;;;;18007;132334604120530000;2020-05-09;04:13:32.053;;;;;;;;131800_0034377436;;;;Camera06;06;EDI+EDI;;Accept;;131800;2359;;123;Departures;;;;;;;;;;;;
D01/00000D487AEC0006;132334604462305278;2020-05-09;04:14:06.231;application/x-bolt;21147;0546231832;132334604246260000;2020-05-09;04:13:44.626;;;;;;18007;132334604426330000;2020-05-09;04:14:02.633;;;;;;;;131800_0034377437;;;;;;EDI+EDI;;Accept;;131800;2368;;123;Departures;;;;;;;;;;;;
D01/00000D487AF20006;132334604696309777;2020-05-09;04:14:29.631;application/x-bolt;22710;0546231831;132334604479900000;2020-05-09;04:14:07.990;;;;;;18007;132334604659970000;2020-05-09;04:14:25.997;;;;;;;;131800_0034377438;;;;Camera01;07;EDI+EDI;;Accept;;131800;2388;;123;Departures;;;;;;;;;;;;
D01/00000D487AF80006;132334604722681695;2020-05-09;04:14:32.268;application/x-bolt;23160;0546231833;132334604506310000;2020-05-09;04:14:10.631;;;;;;18007;132334604686380000;2020-05-09;04:14:28.638;;;;;;;;131800_0034377439;;;;Camera04;08;EDI+EDI;;Accept;;131800;2375;;123;Departures;;;;;;;;;;;;
D01/00000D487AFE0007;132334604835445423;2020-05-09;04:14:43.545;application/x-bolt;24261;0546231834;132334604619150000;2020-05-09;04:14:21.915;;;;;;18008;132334604799230000;2020-05-09;04:14:39.923;;;;;;;;131800_0034377440;;;;;;EDI+EDI;;Accept;;131800;2387;;123;Departures;;;;;;;;;;;;
D01/00000D487B050007;132334604894574567;2020-05-09;04:14:49.457;application/x-bolt;24823;0546231835;132334604678310000;2020-05-09;04:14:27.831;;;;;;18007;132334604858380000;2020-05-09;04:14:45.838;;;;;;;;131800_0034377441;;;;;;EDI+EDI;;Accept;;131800;2409;;123;Departures;;;;;;;;;;;;
D01/00000D487B0C0006;132334605460464919;2020-05-09;04:15:46.046;application/x-bolt;22898;0546231837 / 5669381837;132334605244080000;2020-05-09;04:15:24.408;;;;;;18008;132334605424160000;2020-05-09;04:15:42.416;;;;;;;;131800_0034377442;;;Multiple main barcodes detected;Camera05;05;EDI+EDI;;Accept;;131800;2396;;123;Departures;;;;;;;;;;;;
D01/00000D487B120006;132334605577101865;2020-05-09;04:15:57.710;application/x-bolt;23506;0546231836;132334605360730000;2020-05-09;04:15:36.073;;;;;;18008;132334605540810000;2020-05-09;04:15:54.081;;;;;;;;131800_0034377443;;;;Camera06;07;EDI+EDI;;Accept;;131800;2430;;123;Departures;;;;;;;;;;;;
D01/00000D487B180006;132334605924910953;2020-05-09;04:16:32.491;application/x-bolt;21172;0546231839;132334605708550000;2020-05-09;04:16:10.855;;;;;;18007;132334605888620000;2020-05-09;04:16:28.862;;;;;;;;131800_0034377446;;;;;;EDI+EDI;;Accept;;131800;2356;;123;Departures;;;;;;;;;;;;
D01/00000D487B1E0006;132334606171355791;2020-05-09;04:16:57.136;application/x-bolt;23731;0546231841;132334605954940000;2020-05-09;04:16:35.494;;;;;;18006;132334606135000000;2020-05-09;04:16:53.500;;;;;;;;131800_0034377445;;;;Camera05;05;EDI+EDI;;Accept;;131800;2373;;123;Departures;;;;;;;;;;;;
D01/00000D487B240006;132334606317006851;2020-05-09;04:17:11.701;application/x-bolt;23373;0546231840;132334606100630000;2020-05-09;04:16:50.063;;;;;;18009;132334606280720000;2020-05-09;04:17:08.072;;;;;;;;131800_0034377447;;;;Camera05;07;EDI+EDI;;Accept;;131800;2389;;123;Departures;;;;;;;;;;;;
D01/00000D487B2A0006;132334606604345679;2020-05-09;04:17:40.435;application/x-bolt;22978;0546231838;132334606387900000;2020-05-09;04:17:18.790;;;;;;18008;132334606567980000;2020-05-09;04:17:36.798;;;;;;;;131800_0034377448;;;;Camera03;11;EDI+EDI;;Accept;;131800;2354;;123;Departures;;;;;;;;;;;;
D01/00000D487B300006;132334606633920258;2020-05-09;04:17:43.392;application/x-bolt;24152;0546231842;132334606417560000;2020-05-09;04:17:21.756;;;;;;18007;132334606597630000;2020-05-09;04:17:39.763;;;;;;;;131800_0034377449;;;;;;EDI+EDI;;Accept;;131800;2366;;123;Departures;;;;;;;;;;;;
D01/00000D487B360006;132334606775207694;2020-05-09;04:17:57.521;application/x-bolt;23508;0546231843;132334606558820000;2020-05-09;04:17:35.882;;;;;;18007;132334606738890000;2020-05-09;04:17:53.889;;;;;;;;131800_0034377450;;;;Camera05;05;EDI+EDI;;Accept;;131800;2377;;123;Departures;;;;;;;;;;;;
D01/00000D487B3C0007;132334606941535939;2020-05-09;04:18:14.154;application/x-bolt;25711;0546231844;132334606725190000;2020-05-09;04:17:52.519;;;;;;18007;132334606905260000;2020-05-09;04:18:10.526;;;;;;;;131800_0034377451;;;;;;EDI+EDI;;Accept;;131800;2387;;123;Departures;;;;;;;;;;;;
D01/00000D487B430007;132334607452310482;2020-05-09;04:19:05.231;application/x-bolt;24248;0546231845;132334607235860000;2020-05-09;04:18:43.586;;;;;;18008;132334607415940000;2020-05-09;04:19:01.594;;;;;;;;131800_0034377452;;;;;;EDI+EDI;;Accept;;131800;2370;;123;Departures;;;;;;;;;;;;
D01/00000D487B4A0006;132334607773847734;2020-05-09;04:19:37.385;application/x-bolt;21294;0546231846;132334607557420000;2020-05-09;04:19:15.742;;;;;;18006;132334607737480000;2020-05-09;04:19:33.748;;;;;;;;131800_0034377453;;;;;;EDI+EDI;;Accept;;131800;2363;;123;Departures;;;;;;;;;;;;
D01/00000D487B500006;132334607971091675;2020-05-09;04:19:57.109;application/x-bolt;23429;0546231849;132334607754650000;2020-05-09;04:19:35.465;;;;;;18010;132334607934750000;2020-05-09;04:19:53.475;;;;;;;;131800_0034377457;;;;Camera02;10;EDI+EDI;;Accept;;131800;2374;;123;Departures;;;;;;;;;;;;
D01/00000D487B560007;132334607999915632;2020-05-09;04:19:59.992;application/x-bolt;26131;0546231850 / 0235822716 / 0235493137;132334607783350000;2020-05-09;04:19:38.335;;;;;;18007;132334607963420000;2020-05-09;04:19:56.342;;;;;;;;131800_0034377456;;;Multiple main barcodes detected;;;EDI+EDI;;Accept;;131800;2383;;123;Departures;;;;;;;;;;;;
D01/00000D487B5D0007;132334608024836344;2020-05-09;04:20:02.484;application/x-bolt;25232;0546231847;132334607808340000;2020-05-09;04:19:40.834;;;;;;18007;132334607988410000;2020-05-09;04:19:58.841;;;;;;;;131800_0034377458;;;;;;EDI+EDI;;Accept;;131800;2378;;123;Departures;;;;;;;;;;;;
D01/00000D487B640007;132334608186440663;2020-05-09;04:20:18.644;application/x-bolt;24201;0546231851;132334607970040000;2020-05-09;04:19:57.004;;;;;;18007;132334608150110000;2020-05-09;04:20:15.011;;;;;;;;131800_0034377459;;;;Camera03;09;EDI+EDI;;Accept;;131800;2477;;123;Departures;;;;;;;;;;;;
D01/00000D487B6B0006;132334608216385552;2020-05-09;04:20:21.639;application/x-bolt;23892;0546231848 / 0446231848;132334607999980000;2020-05-09;04:19:59.998;;;;;;18013;132334608180110000;2020-05-09;04:20:18.011;;;;;;;;131800_0034377460;;;Multiple main barcodes detected;;;EDI+EDI;;Accept;;131800;2427;;123;Departures;;;;;;;;;;;;
D01/00000D487B710006;132334609279759395;2020-05-09;04:22:07.976;application/x-bolt;23209;0546231853;132334609063290000;2020-05-09;04:21:46.329;;;;;;18007;132334609243360000;2020-05-09;04:22:04.336;;;;;;;;131800_0034377461;;;;Camera03;08;EDI+EDI;;Accept;;131800;2361;;123;Departures;;;;;;;;;;;;
D01/00000D487B770007;132334609420406298;2020-05-09;04:22:22.041;application/x-bolt;24988;0546231852 / 4623185252;132334609203960000;2020-05-09;04:22:00.396;;;;;;18014;132334609384100000;2020-05-09;04:22:18.410;;;;;;;;131800_0034377464;;;Multiple main barcodes detected;;;EDI+EDI;;Accept;;131800;2387;;123;Departures;;;;;;;;;;;;
D01/00000D487B7E0006;132334609733036148;2020-05-09;04:22:53.304;application/x-bolt;21275;0546231854;132334609516340000;2020-05-09;04:22:31.634;;;;;;18039;132334609696730000;2020-05-09;04:22:49.673;;;;;;;;131800_0034377463;;;;;;EDI+EDI;;Accept;;131800;2327;;123;Departures;;;;;;;;;;;;
D01/00000D487B84000A;132334609799261201;2020-05-09;04:22:59.926;application/x-bolt;36471;0235563505;132334609610750000;2020-05-09;04:22:41.075;;;;;;15167;132334609762420000;2020-05-09;04:22:56.242;;;9435;69;;Reject;2649;131800_0034377466;;;"Enrichment ""VCCNoBSM"" cancelled: no requester available";Camera01;07;EDI+VCS;;Cancel;;131800;2372;;123;Departures;;;;;;;;3;Cancelled: no requester available;Cancel;12163;
D01/00000D487B8E0006;132334609894400267;2020-05-09;04:23:09.440;application/x-bolt;23697;0546231856;132334609678050000;2020-05-09;04:22:47.805;;;;;;18008;132334609858130000;2020-05-09;04:23:05.813;;;;;;;;131800_0034377465;;;;;;EDI+EDI;;Accept;;131800;2355;;123;Departures;;;;;;;;;;;;
D01/00000D487B940007;132334610166546466;2020-05-09;04:23:36.655;application/x-bolt;24886;0235329273 / 0546231857;132334609950110000;2020-05-09;04:23:15.011;;;;;;18006;132334610130170000;2020-05-09;04:23:33.017;;;;;;;;131800_0034377467;;;Multiple main barcodes detected;Camera03;07;EDI+EDI;;Accept;;131800;2347;;123;Departures;;;;;;;;;;;;
D01/00000D487B9B0007;132334610193869175;2020-05-09;04:23:39.387;application/x-bolt;26788;0546231858;132334609977430000;2020-05-09;04:23:17.743;;;;;;18006;132334610157490000;2020-05-09;04:23:35.749;;;;;;;;131800_0034377468;;;;;;EDI+EDI;;Accept;;131800;2349;;123;Departures;;;;;;;;;;;;
D01/00000D487BA20007;132334610442485817;2020-05-09;04:24:04.249;application/x-bolt;26191;0546231859;132334610226000000;2020-05-09;04:23:42.600;;;;;;18008;132334610406080000;2020-05-09;04:24:00.608;;;;;;;;131800_0034377470;;;;;;EDI+EDI;;Accept;;131800;2357;;123;Departures;;;;;;;;;;;;
D01/00000D487BA90006;132334610533481452;2020-05-09;04:24:13.348;application/x-bolt;23353;0546231860;132334610317080000;2020-05-09;04:23:51.708;;;;;;18006;132334610497140000;2020-05-09;04:24:09.714;;;;;;;;131800_0034377471;;;;Camera06;07;EDI+EDI;;Accept;;131800;2352;;123;Departures;;;;;;;;;;;;
D01/00000D487BAF0007;132334610741594428;2020-05-09;04:24:34.159;application/x-bolt;25901;0546231861;132334610525000000;2020-05-09;04:24:12.500;;;;;;18007;132334610705070000;2020-05-09;04:24:30.507;;;;;;;;131800_0034377472;;;;;;EDI+EDI;;Accept;;131800;2367;;123;Departures;;;;;;;;;;;;
D01/00000D487BB60006;132334610794328260;2020-05-09;04:24:39.433;application/x-bolt;23699;0546231863;132334610577840000;2020-05-09;04:24:17.784;;;;;;18007;132334610757910000;2020-05-09;04:24:35.791;;;;;;;;131800_0034377474;;;;Camera05;07;EDI+EDI;;Accept;;131800;2370;;123;Departures;;;;;;;;;;;;
D01/00000D487BBC0006;132334610855318955;2020-05-09;04:24:45.532;application/x-bolt;22946;0546231862;132334610638480000;2020-05-09;04:24:23.848;;;;;;18056;132334610819040000;2020-05-09;04:24:41.904;;;;;;;;131800_0034377473;;;;Camera01;06;EDI+EDI;;Accept;;131800;2398;;123;Departures;;;;;;;;;;;;
D01/00000D487BC20007;132334610962237821;2020-05-09;04:24:56.224;application/x-bolt;26236;0546231865;132334610745780000;2020-05-09;04:24:34.578;;;;;;18006;132334610925840000;2020-05-09;04:24:52.584;;;;;;;;131800_0034377475;;;;;;EDI+EDI;;Accept;;131800;2409;;123;Departures;;;;;;;;;;;;
D01/00000D487BC90007;132334611075301796;2020-05-09;04:25:07.530;application/x-bolt;25198;0546231866;132334610858800000;2020-05-09;04:24:45.880;;;;;;18007;132334611038870000;2020-05-09;04:25:03.887;;;;;;;;131800_0034377476;;;;;;EDI+EDI;;Accept;;131800;2443;;123;Departures;;;;;;;;;;;;
D01/00000D487BD00006;132334611141516831;2020-05-09;04:25:14.152;application/x-bolt;23042;0546231864;132334610925130000;2020-05-09;04:24:52.513;;;;;;18006;132334611105190000;2020-05-09;04:25:10.519;;;;;;;;131800_0034377477;;;;Camera03;08;EDI+EDI;;Accept;;131800;2408;;123;Departures;;;;;;;;;;;;
D01/00000D487BD60007;132334611251928602;2020-05-09;04:25:25.193;application/x-bolt;24344;0546231870;132334611035530000;2020-05-09;04:25:03.553;;;;;;18007;132334611215600000;2020-05-09;04:25:21.560;;;;;;;;131800_0034377481;;;;;;EDI+EDI;;Accept;;131800;2361;;123;Departures;;;;;;;;;;;;
D01/00000D487BDD0006;132334611471381005;2020-05-09;04:25:47.138;application/x-bolt;22995;0546231868;132334611254810000;2020-05-09;04:25:25.481;;;;;;18007;132334611434880000;2020-05-09;04:25:43.488;;;;;;;;131800_0034377479;;;;Camera01;07;EDI+EDI;;Accept;;131800;2366;;123;Departures;;;;;;;;;;;;
D01/00000D487BE30007;132334611537415892;2020-05-09;04:25:53.742;application/x-bolt;25231;0546231869;132334611320910000;2020-05-09;04:25:32.091;;;;;;18007;132334611500980000;2020-05-09;04:25:50.098;;;;;;;;131800_0034377480;;;;;;EDI+EDI;;Accept;;131800;2420;;123;Departures;;;;;;;;;;;;
D01/00000D487BEA0006;132334611574977116;2020-05-09;04:25:57.498;application/x-bolt;22686;0546231871;132334611358550000;2020-05-09;04:25:35.855;;;;;;18007;132334611538620000;2020-05-09;04:25:53.862;;;;;;;;131800_0034377485;;;;Camera04;05;EDI+EDI;;Accept;;131800;2405;;123;Departures;;;;;;;;;;;;
D01/00000D487BF00006;132334611681095312;2020-05-09;04:26:08.110;application/x-bolt;22984;0546231867;132334611464700000;2020-05-09;04:25:46.470;;;;;;18007;132334611644770000;2020-05-09;04:26:04.477;;;;;;;;131800_0034377483;;;;Camera06;04;EDI+EDI;;Accept;;131800;2429;;123;Departures;;;;;;;;;;;;
D01/00000D487BF60006;132334611820541217;2020-05-09;04:26:22.054;application/x-bolt;23958;0546231872;132334611604160000;2020-05-09;04:26:00.416;;;;;;18008;132334611784240000;2020-05-09;04:26:18.424;;;;;;;;131800_0034377484;;;;;;EDI+EDI;;Accept;;131800;2427;;123;Departures;;;;;;;;;;;;
D01/00000D487BFC0007;132334612025351448;2020-05-09;04:26:42.535;application/x-bolt;24361;0546231873;132334611808820000;2020-05-09;04:26:20.882;;;;;;18008;132334611988900000;2020-05-09;04:26:38.890;;;;;;;;131800_0034377486;;;;;;EDI+EDI;;Accept;;131800;2435;;123;Departures;;;;;;;;;;;;
D01/00000D487C030006;132334612372830263;2020-05-09;04:27:17.283;application/x-bolt;21370;0546231875;132334612156310000;2020-05-09;04:26:55.631;;;;;;18015;132334612336460000;2020-05-09;04:27:13.646;;;;;;;;131800_0034377487;;;;;;EDI+EDI;;Accept;;131800;2473;;123;Departures;;;;;;;;;;;;
D01/00000D487C090007;132334612540589698;2020-05-09;04:27:34.059;application/x-bolt;24662;0546231874;132334612324150000;2020-05-09;04:27:12.415;;;;;;18007;132334612504220000;2020-05-09;04:27:30.422;;;;;;;;131800_0034377488;;;;;;EDI+EDI;;Accept;;131800;2433;;123;Departures;;;;;;;;;;;;
D01/00000D487C100007;132334613330436194;2020-05-09;04:28:53.044;application/x-bolt;24881;0546231876;132334613113870000;2020-05-09;04:28:31.387;;;;;;18008;132334613293950000;2020-05-09;04:28:49.395;;;;;;;;131800_0034377489;;;;;;EDI+EDI;;Accept;;131800;2409;;123;Departures;;;;;;;;;;;;
D01/00000D487C170007;132334613388894782;2020-05-09;04:28:58.889;application/x-bolt;25953;0546231877;132334613172320000;2020-05-09;04:28:37.232;;;;;;18008;132334613352400000;2020-05-09;04:28:55.240;;;;;;;;131800_0034377490;;;;;;EDI+EDI;;Accept;;131800;2431;;123;Departures;;;;;;;;;;;;
D01/00000D487C1E0006;132334613564560791;2020-05-09;04:29:16.456;application/x-bolt;23763;0235646745 / 0546231878;132334613348110000;2020-05-09;04:28:54.811;;;;;;18008;132334613528190000;2020-05-09;04:29:12.819;;;;;;;;131800_0034377491;;;Multiple main barcodes detected;Camera06;03;EDI+EDI;;Accept;;131800;2463;;123;Departures;;;;;;;;;;;;
D01/00000D487C240007;132334614110434510;2020-05-09;04:30:11.043;application/x-bolt;24395;0546231880;132334613893860000;2020-05-09;04:29:49.386;;;;;;18007;132334614073930000;2020-05-09;04:30:07.393;;;;;;;;131800_0034377492;;;;;;EDI+EDI;;Accept;;131800;2404;;123;Departures;;;;;;;;;;;;
D01/00000D487C2B0006;132334614336802654;2020-05-09;04:30:33.680;application/x-bolt;23408;0546231881;132334614120230000;2020-05-09;04:30:12.023;;;;;;18007;132334614300300000;2020-05-09;04:30:30.030;;;;;;;;131800_0034377493;;;;Camera03;07;EDI+EDI;;Accept;;131800;2331;;123;Departures;;;;;;;;;;;;
D01/00000D487C310006;132334614563370972;2020-05-09;04:30:56.337;application/x-bolt;23408;0546231883;132334614346850000;2020-05-09;04:30:34.685;;;;;;18007;132334614526920000;2020-05-09;04:30:52.692;;;;;;;;131800_0034377495;;;;Camera04;04;EDI+EDI;;Accept;;131800;2359;;123;Departures;;;;;;;;;;;;
D01/00000D487C370006;132334614622219885;2020-05-09;04:31:02.222;application/x-bolt;22537;0546231882;132334614405680000;2020-05-09;04:30:40.568;;;;;;18008;132334614585760000;2020-05-09;04:30:58.576;;;;;;;;131800_0034377494;;;;Camera04;07;EDI+EDI;;Accept;;131800;2378;;123;Departures;;;;;;;;;;;;
D01/00000D487C3D0006;132334614760955199;2020-05-09;04:31:16.096;application/x-bolt;23813;0546231884;132334614544380000;2020-05-09;04:30:54.438;;;;;;18007;132334614724450000;2020-05-09;04:31:12.445;;;;;;;;131800_0034377496;;;;;;EDI+EDI;;Accept;;131800;2383;;123;Departures;;;;;;;;;;;;
D01/00000D487C43000A;132334614936871414;2020-05-09;04:31:33.687;application/x-bolt;36296;;132334614748190000;2020-05-09;04:31:14.819;;;;;;15191;132334614900100000;2020-05-09;04:31:30.010;;;9492;86;;Reject;2591;131800_0034377497;;;"Enrichment ""VCCLicense"" cancelled: no requester available / Enrichment ""VCCNoBSM"" cancelled: no requester available";Camera01;03;VCS+VCS;;Cancel;;131800;2334;;123;Departures;;2;Cancelled: no requester available;Cancel;12180;;;2;Cancelled: no requester available;Cancel;12187;
D01/00000D487C4D0006;132334615170065235;2020-05-09;04:31:57.007;application/x-bolt;21383;0546231887;132334614953610000;2020-05-09;04:31:35.361;;;;;;18007;132334615133680000;2020-05-09;04:31:53.368;;;;;;;;131800_0034377498;;;;;;EDI+EDI;;Accept;;131800;2345;;123;Departures;;;;;;;;;;;;
D01/00000D487C530007;132334615401998012;2020-05-09;04:32:20.200;application/x-bolt;24411;0546231886;132334615185680000;2020-05-09;04:31:58.568;;;;;;18006;132334615365740000;2020-05-09;04:32:16.574;;;;;;;;131800_0034377499;;;;;;EDI+EDI;;Accept;;131800;2346;;123;Departures;;;;;;;;;;;;
D01/00000D487C5A0006;132334615458845261;2020-05-09;04:32:25.885;application/x-bolt;23017;0546231888;132334615242350000;2020-05-09;04:32:04.235;;;;;;18007;132334615422420000;2020-05-09;04:32:22.242;;;;;;;;131800_0034377500;;;;;;EDI+EDI;;Accept;;131800;2326;;123;Departures;;;;;;;;;;;;
D01/00000D487C600007;132334615681440275;2020-05-09;04:32:48.144;application/x-bolt;24327;0546231889;132334615464800000;2020-05-09;04:32:26.480;;;;;;18007;132334615644870000;2020-05-09;04:32:44.487;;;;;;;;131800_0034377501;;;;;;EDI+EDI;;Accept;;131800;2330;;123;Departures;;;;;;;;;;;;
D01/00000D487C670006;132334617654590296;2020-05-09;04:36:05.459;application/x-bolt;21369;0546231894;132334617438020000;2020-05-09;04:35:43.802;;;;;;18007;132334617618090000;2020-05-09;04:36:01.809;;;;;;;;131800_0034377502;;;;;;EDI+EDI;;Accept;;131800;2302;;123;Departures;;;;;;;;;;;;
D01/00000D487C6D0007;132334617680541866;2020-05-09;04:36:08.054;application/x-bolt;24247;0546231893;132334617462600000;2020-05-09;04:35:46.260;;;;;;18007;132334617642670000;2020-05-09;04:36:04.267;;;;;;;;131800_0034377503;;;;;;EDI+EDI;;Accept;;131800;2299;;123;Departures;;;;;;;;;;;;
D01/00000D487C740006;132334617738930395;2020-05-09;04:36:13.893;application/x-bolt;23115;0546231892;132334617521650000;2020-05-09;04:35:52.165;;;;;;18013;132334617701780000;2020-05-09;04:36:10.178;;;;;;;;131800_0034377504;;;;Camera03;11;EDI+EDI;;Accept;;131800;2330;;123;Departures;;;;;;;;;;;;
D01/00000D487C7A000A;132334617838883476;2020-05-09;04:36:23.888;application/x-bolt;37352;;132334617615250000;2020-05-09;04:36:01.525;;;;;;18660;132334617801850000;2020-05-09;04:36:20.185;;;12779;203;;Reject;2653;131800_0034377506;;;"Enrichment ""VCCLicense"" cancelled: no requester available / Enrichment ""VCCNoBSM"" cancelled: no requester available";Camera05;12;VCS+VCS;;Cancel;;131800;2274;;123;Departures;;2;Cancelled: no requester available;Cancel;15648;;;2;Cancelled: no requester available;Cancel;15656;
D01/00000D487C840006;132334617863854232;2020-05-09;04:36:26.385;application/x-bolt;23668;0546231895;132334617647290000;2020-05-09;04:36:04.729;;;;;;18007;132334617827360000;2020-05-09;04:36:22.736;;;;;;;;131800_0034377505;;;;Camera06;04;EDI+EDI;;Accept;;131800;2288;;123;Departures;;;;;;;;;;;;
D01/00000D487C8A0007;132334617964599607;2020-05-09;04:36:36.460;application/x-bolt;24193;0546231896;132334617748100000;2020-05-09;04:36:14.810;;;;;;18008;132334617928180000;2020-05-09;04:36:32.818;;;;;;;;131800_0034377507;;;;Camera03;07;EDI+EDI;;Accept;;131800;2280;;123;Departures;;;;;;;;;;;;
D01/00000D487C910007;132334618722644458;2020-05-09;04:37:52.264;application/x-bolt;24555;0546231897;132334618505970000;2020-05-09;04:37:30.597;;;;;;18007;132334618686040000;2020-05-09;04:37:48.604;;;;;;;;131800_0034377508;;;;;;EDI+EDI;;Accept;;131800;2299;;123;Departures;;;;;;;;;;;;
D01/00000D487C980006;132334618840995136;2020-05-09;04:38:04.100;application/x-bolt;22833;0546231898;132334618624440000;2020-05-09;04:37:42.444;;;;;;18008;132334618804520000;2020-05-09;04:38:00.452;;;;;;;;131800_0034377509;;;;Camera06;04;EDI+EDI;;Accept;;131800;2306;;123;Departures;;;;;;;;;;;;
D01/00000D487C9E0007;132334619355262613;2020-05-09;04:38:55.526;application/x-bolt;25941;0546231899;132334619138610000;2020-05-09;04:38:33.861;;;;;;18007;132334619318680000;2020-05-09;04:38:51.868;;;;;;;;131800_0034377510;;;;;;EDI+EDI;;Accept;;131800;2278;;123;Departures;;;;;;;;;;;;
D01/00000D487CA50006;132334619416584780;2020-05-09;04:39:01.658;application/x-bolt;23540;0546231900;132334619199930000;2020-05-09;04:38:39.993;;;;;;18008;132334619380010000;2020-05-09;04:38:58.001;;;;;;;;131800_0034377511;;;;;;EDI+EDI;;Accept;;131800;2294;;123;Departures;;;;;;;;;;;;
D01/00000D487CAB0006;132334620650044058;2020-05-09;04:41:05.004;application/x-bolt;22754;0546231901;132334620433310000;2020-05-09;04:40:43.331;;;;;;18007;132334620613380000;2020-05-09;04:41:01.338;;;;;;;;131800_0034377514;;;;Camera05;09;EDI+EDI;;Accept;;131800;2311;;123;Departures;;;;;;;;;;;;
D01/00000D487CB10007;132334620726589173;2020-05-09;04:41:12.659;application/x-bolt;25141;0546231902;132334620509960000;2020-05-09;04:40:50.996;;;;;;18008;132334620690040000;2020-05-09;04:41:09.004;;;;;;;;131800_0034377515;;;;;;EDI+EDI;;Accept;;131800;2313;;123;Departures;;;;;;;;;;;;
